3 0 5 4 2 0 8 1 0
4 8 7 9 0 1 5 0 6
0 2 9 0 5 6 3 7 4
8 5 0 7 9 3 0 4 1
6 1 3 2 0 8 9 5 7
0 7 4 0 6 5 2 8 0
2 4 1 3 0 9 0 6 5
5 0 8 6 7 0 1 9 2
0 9 6 5 1 2 4 0 8

0 0 0 0 0 0 0 0 0
0 0 8 0 0 0 0 4 0
0 0 0 0 0 0 0 0 0
0 0 0 0 0 6 0 0 0
0 0 0 0 0 0 0 0 0
0 0 0 0 0 0 0 0 0
2 0 0 0 0 0 0 0 0
0 0 0 0 0 0 2 0 0
0 0 0 0 0 0 0 0 0

0 0 0 0 0 0 0 0 0
0 0 0 0 0 0 0 0 0
0 0 0 0 0 0 0 0 0
0 0 0 0 0 0 0 0 0
0 0 0 0 0 0 0 0 0
0 0 0 0 0 0 0 0 0
0 0 0 0 0 0 0 0 0
0 0 0 0 0 0 0 0 0
0 0 0 0 0 0 0 0 0

8 9 5 7 4 2 0 3 0
2 0 1 9 0 3 4 8 0
4 6 3 5 8 1 7 9 2
9 0 0 6 0 0 0 0 8
5 1 0 2 0 8 9 6 0
6 0 2 0 5 9 3 0 1
1 0 9 8 0 4 6 2 3
7 0 6 3 0 5 8 0 9
3 0 0 1 0 6 0 0 7